1132.268380483066
1092.474215858039
641.2666767186126
-16.02446155433106
-435.6024495277891
-495.9708668129306
-422.0162738053862
-402.5182857960383
-421.0485952206744
-430.5896461778522
-395.1560524492234
-335.9036735385221
-273.6807789622545
-198.1870202368842
-119.882126093167
-49.09061856764972
39.99302500957742
215.5994888027388
526.0210929698812
867.9580953221551
973.478718131442
703.9714327117186
174.9487229356985
-323.3493180826472
-467.5201841381592
-252.8681072661095
13.31402825620531
93.69895447631913
-15.64212748940552
-186.6012007730832
-341.0714570429299
-453.595014237727
-487.1278754219215
-448.0737663611061
-354.7565296985956
-238.9464971258897
-101.083081292949
39.53817863498978
170.7767126771241
345.8140437993764
591.2976929088479
792.9329845307823
791.9669727426577
579.5613039913337
232.7420467651314
-92.08874498578712
-251.2360489437791
-281.4766450207463
-268.6856908499336
-278.513660378673
-308.7203837962311
-334.8122790684549
-372.1043292244783
-391.1257310264082
-362.8924574445001
-282.8979316405735
-172.4431011635089
-71.3781478435059
-8.677611710968058
79.65322524193796
258.2810445083505
537.6908437698354
799.6285653516796
877.9672460179673
700.0031430131694
245.5746762771716
-169.2484680357432
-233.3615190878664
-79.29671656415076
-17.44927177599601
-104.8009813493259
-255.1565592614629
-371.6446587147367
-436.0064621205536
-442.2280004931952
-396.3423012737816
-328.2321056374576
-244.9813210180529
-153.5195674493338
-82.9160977395221
-12.0581209296031
45.5700190036309
112.6900385658937
216.8014798524625
362.6752105262581
467.5747056385579
463.744181897566
375.29241268744
246.4743474520612
93.38015883662084
34.63205540284605
84.10709739013262
126.8764948044034
87.48098017476778
3.014456348902816
-72.89816339760287
-171.4688939764555
-295.9973083190649
-396.5872657023662
-420.6739188047934
-373.044893252816
-306.3642303160395
-246.7188083615748
-197.462637675815
-124.1477974535013
-11.68055905823644
99.98633508113868
207.5494396900267
319.7792281889351
411.0476877449798
385.8683206439325
244.5188540761678
117.5204944186645
117.9027574475118
182.0788711510736
233.7197121647243
211.3743329802054
90.51791394337596
-82.74435978646069
-240.7701248877839
-335.8484934474172
-346.7403128437446
-291.9705141818925
-205.2049080157894
-196.7082249175619
-256.7527831082672
-293.4917945946315
-238.7949644666166
-95.86488592069325
68.73749564882304
218.6379559017171
376.3131286575601
514.1922835176368
514.3087069849677
330.8239053778971
84.8696452392691
-40.90851174537306
-24.41180505251748
66.98856922364519
106.9939998771298
48.41695122115159
-50.636334640748
-139.8200715179306
-203.8484428944801
-255.0892718537074
-303.9939998718109
-331.706153611993
-326.5139022434033
-287.1683357631665
-207.294971071624
-99.47080742264156
5.07197334224912
92.72710673418544
203.2254406002472
373.9494587702177
501.1417957678132
434.671538173144
256.4164415839869
91.51866849974148
4.869585837014074
46.61662028605803
163.2717765351552
187.3450489500063
68.80212854657303
-83.92511774691009
-222.3717519804006
-314.2472608145174
-346.6070044955582
-332.403824598758
-303.2243401896819
-259.2924993076639
-212.8088904826514
-167.1957848692147
-108.6688644099304
-20.22245163192188
73.75203104568048
180.0933572516682
329.5193445200198
500.8367480969163
529.2026192703022
274.625863582777
-51.07016786711787
-141.7147595222058
-1.03823042844057
159.8848305666685
203.5448236632712
109.4072638354619
-3.920552884278029
-100.2447409956332
-171.3519190774134
-209.1420051553942
-239.9017423538615
-263.7750048294851
-286.0211910904027
-287.7965016833911
-243.671716503852
-156.0155346799524
-61.41761764181167
-9.58880310729897
24.24802617445326
83.33682707260003
196.5267974598754
340.7850014628174
454.0026026789267
461.3128782073954
246.1530573985332
-62.86073865917358
-152.3456643112667
1.624018241264062
172.3428901818487
224.056171666307
172.2412840409071
13.2798770143335
-186.1139907262414
-332.8402643496448
-381.5204052557814
-333.7435688916353
-240.7524297814656
-183.8082646077065
-172.5989568507442
-184.0711389648006
-171.5179316185819
-104.3764635379454
8.023730737287785
147.9290802192258
297.8564432081577
378.8806495853328
359.5709885890535
334.0833585219535
292.2385573496555
170.8597076683755
5.424076600163506
-40.6350195949948
40.98929444998635
124.7740904710193
99.15676644638242
-34.27134029603592
-200.2409803791489
-312.6539976147445
-327.8770964546938
-268.0623351356667
-209.8266230637446
-197.6991414827269
-203.4921201813146
-177.1466704690257
-115.6367562877358
-55.3797770283517
-4.78228515652497
63.88077935289434
157.331259085549
295.8852104996371
408.6849274454096
388.2550639633789
221.3298476836538
49.06990824851886
15.52540844856398
132.1901511157882
262.9461081991372
251.5022038012773
69.11719605877285
-130.8354918330994
-255.6652129765122
-306.6814473476205
-302.2989742363032
-246.9121313916999
-223.6585726727363
-245.7819215723455
-262.8675856288689
-235.5386267527755
-171.2768665861359
-87.69917418654501
25.30187551424442
163.9805433259129
319.5161335515897
483.2237609570149
564.2736842759814
390.9714738979757
5.094640798431588
-248.9151871260316
-203.4609536308246
-12.41023003413536
93.90108331173174
111.5213269007156
120.5111798291773
117.3853421118607
90.13161473128562
16.64149168487135
-93.98587907922038
-210.4899186714679
-298.6373879128774
-310.9756852563841
-259.0173862860931
-190.0303755269716
-148.7709420441202
-115.8265354759164
-84.04048689827435
-18.90807423631857
67.28569445699794
183.0314747872405
262.9906558553458
222.2725191396794
107.5511952046375
31.57296973731567
24.71369735917705
67.11352361823538
152.8751419046303
226.4295814691396
226.1658409325198
168.5126118150794
61.02454816662497
-47.76537623656628
-132.3910672268504
-169.5081115415595
-154.9847380655333
-110.4423150128466
-62.27208126809992
-29.55312441366591
-22.44492592462421
-76.59872139533493
-179.056155284466
-255.2997461238982
-267.9138868300926
-219.4363983854721
-126.0335258876615
-32.72448602822605
36.75939894109868
113.9036120528631
214.2581277911734
311.9654505388036
324.9756120630423
208.4726924491319
74.25841709354928
54.6032625233689
159.6689714196439
260.5729505383455
257.8235463235026
122.0009437249901
-59.34323948275031
-201.7690288053527
-263.304981445682
-272.9026931783928
-247.0404093375752
-208.7559394664158
-149.8255811889368
-87.805081037107
-48.48202138832348
-50.32025748259586
-61.72793555443306
-39.55317017652829
-2.970069392120125
54.89863780145838
48.30085914477822
-23.17306282465612
-43.38086653100871
21.428270812889
130.7484145779241
225.814489606641
253.8730443950357
219.4954857715044
140.8241732945304
15.07849870445215
-103.9901826066101
-134.4023017652292
-19.51504482196924
118.1366242396439
183.6208624599616
182.8879623273534
149.2196544680442
55.40711629935828
-106.4438932955665
-294.3534264746476
-388.1041600500764
-327.5728796745698
-175.1953130921539
-59.19439370201165
-33.72408810479765
-76.6107788380891
-124.8410180032097
-123.2047000654129
-75.6054338128766
-20.15459914897348
27.90644113817778
101.5396930853565
216.0119027132228
283.4664446730121
282.4941978541524
227.9464744405268
192.6408554306163
234.4678040023913
252.6634683310723
137.7066024254202
-74.28122559291606
-217.5208464938838
-207.6924517585136
-97.20087449862277
-6.17113159515741
5.459068813312087
-35.57020776347863
-92.60187422501596
-179.1946986553617
-272.6339986417107
-297.359299509086
-250.9099239917098
-151.3654141702539
-64.45299953698357
-25.68607426349828
-32.28193606758931
-26.64030808351066
32.50954486333004
144.6392953804883
238.9249209524117
264.4601174001066
234.4937000901535
251.1222887093162
303.3642729612134
306.63786379071
194.7547049310661
-1.525685351033665
-106.3072179899364
-66.47927854491165
15.94647826020064
25.11399064643149
-53.61150434499199
-190.0587612227231
-280.799410937131
-289.1086919016939
-247.332695994231
-212.9470777354971
-184.1745198613851
-130.0491665530665
-57.71756432841583
-18.70103119396713
-10.51486205583649
-8.378790256352382
27.56241434574811
133.1311145176898
245.8968197579762
239.2646966287744
108.5678843677648
18.84187979569991
15.92515464458797
66.02560328284588
139.230666173456
182.0223846719346
175.9234068392444
126.6698331151821
77.54991328655591
31.69857513355963
0.7297150912427811
-19.37673543769042
-78.86225064193346
-182.6082464506857
-246.2694890691403
-215.917830092724
-132.6811564407089
-78.1085427067232
-82.69068260955758
-80.38084455058969
-54.07549262648575
-45.13089267510751
-77.03980685353517
-90.59472411000084
-42.89212833137855
24.35073270958422
58.09127774306317
55.82299648056553
54.48137336566668
62.96485828346579
47.13483760646341
47.02370639540269
129.386163885146
258.7308024825528
333.1985265040521
290.1512216545952
162.1166866647831
22.1705030967031
-66.39371657534035
-92.74445201129627
-78.82099916409288
-71.94750801643994
-110.1398340591324
-165.676661688035
-188.9631190845898
-143.1375410037787
-63.84410144974696
-16.94954879540598
-29.50441523094306
-69.78063910817856
-80.75661859790516
-57.64039784701314
-23.05843221550636
-9.492768428650523
-23.14478625583838
-56.35872914222389
-72.42882757751696
-48.91925403595855
-3.164758092937825
73.46520794601571
136.3040591694729
84.78304580076366
-25.89211912795007
-18.04661019256092
125.4534939145613
280.8563638735483
350.2695069319808
304.1040545805151
147.4419130524321
-41.08135772086285
-139.5597382951845
-151.4472744977309
-126.45224314634
-89.52801915120095
-30.96408925566428
10.81602680687022
-1.98672276580212
-68.83904766237518
-112.0469944086857
-106.500343490355
-85.6951163654555
-85.96374391491462
-113.8640725505185
-120.9385194258646
-88.56183366732201
-15.48072735912757
43.03261326208925
60.04155366901214
19.35350939958391
-12.67508071595172
-18.70170499797014
21.77633485312865
79.23011221462639
117.7196656786057
82.98766823489909
39.84901053115381
76.04798351897892
159.6371994102585
181.9854425506532
92.66313351235827
-65.47990236187458
-162.9187406443478
-144.2027177968828
-52.4957431553085
37.10835169171301
74.65469726972738
38.371693620145
7.937256863598866
37.78358341214114
80.37891828566725
59.82248938793975
-11.15564694464157
-83.99521075114411
-100.5683044807744
-56.73586137286524
-10.06347507477093
-8.583112250649208
-73.80668559902277
-132.592073048247
-131.7519515449614
-104.5883850422282
-88.98781909707905
-84.50908626199742
